# Blender v2.82 (sub 7) OBJ File: 'Secret agent.blend'
# www.blender.org
mtllib Secret agent.mtl
o Cube.007
v 0.623454 2.378446 -0.802869
v 0.709568 2.087730 -0.719682
v 0.699478 2.391262 -0.836778
v 0.785592 2.100546 -0.753591
v 0.804021 2.568306 -0.326277
v 0.890135 2.277590 -0.243091
v 0.880045 2.581122 -0.360186
v 0.966159 2.290406 -0.276999
vt 0.625000 0.500000
vt 0.875000 0.500000
vt 0.875000 0.750000
vt 0.625000 0.750000
vt 0.375000 0.750000
vt 0.625000 1.000000
vt 0.375000 1.000000
vt 0.375000 0.000000
vt 0.625000 0.000000
vt 0.625000 0.250000
vt 0.375000 0.250000
vt 0.125000 0.500000
vt 0.375000 0.500000
vt 0.125000 0.750000
vn -0.2739 0.9247 -0.2646
vn 0.9026 0.1522 -0.4026
vn 0.3320 0.3491 0.8763
vn 0.2739 -0.9247 0.2646
vn -0.3320 -0.3491 -0.8763
vn -0.9026 -0.1522 0.4026
usemtl Material.007
s off
f 1/1/1 5/2/1 7/3/1 3/4/1
f 4/5/2 3/4/2 7/6/2 8/7/2
f 8/8/3 7/9/3 5/10/3 6/11/3
f 6/12/4 2/13/4 4/5/4 8/14/4
f 2/13/5 1/1/5 3/4/5 4/5/5
f 6/11/6 5/10/6 1/1/6 2/13/6
o Cube.008
v -1.118862 2.279969 -0.851603
v -1.089592 2.272522 -0.605479
v -1.090115 1.811200 -0.869204
v -1.060845 1.803753 -0.623079
v 0.021824 2.354929 -0.984987
v 0.051094 2.347483 -0.738862
v 0.050571 1.886160 -1.002588
v 0.079841 1.878714 -0.756463
vt 0.625000 0.500000
vt 0.875000 0.500000
vt 0.875000 0.750000
vt 0.625000 0.750000
vt 0.375000 0.750000
vt 0.625000 1.000000
vt 0.375000 1.000000
vt 0.375000 0.000000
vt 0.625000 0.000000
vt 0.625000 0.250000
vt 0.375000 0.250000
vt 0.125000 0.500000
vt 0.375000 0.500000
vt 0.125000 0.750000
vn -0.1180 0.0300 -0.9926
vn 0.0612 -0.9974 -0.0375
vn 0.9911 0.0651 -0.1159
vn 0.1180 -0.0300 0.9926
vn -0.9911 -0.0651 0.1159
vn -0.0612 0.9974 0.0375
usemtl Material.008
s off
f 9/15/7 13/16/7 15/17/7 11/18/7
f 12/19/8 11/18/8 15/20/8 16/21/8
f 16/22/9 15/23/9 13/24/9 14/25/9
f 14/26/10 10/27/10 12/19/10 16/28/10
f 10/27/11 9/15/11 11/18/11 12/19/11
f 14/25/12 13/24/12 9/15/12 10/27/12
o Cube.009
v 0.841004 2.572756 -0.238903
v 0.829799 2.279797 -0.352486
v 0.985067 2.566337 -0.236560
v 0.973861 2.273379 -0.350143
v 0.824030 2.376813 0.268156
v 0.812825 2.083855 0.154573
v 0.968093 2.370394 0.270499
v 0.956887 2.077436 0.156916
vt 0.625000 0.500000
vt 0.875000 0.500000
vt 0.875000 0.750000
vt 0.625000 0.750000
vt 0.375000 0.750000
vt 0.625000 1.000000
vt 0.375000 1.000000
vt 0.375000 0.000000
vt 0.625000 0.000000
vt 0.625000 0.250000
vt 0.375000 0.250000
vt 0.125000 0.500000
vt 0.375000 0.500000
vt 0.125000 0.750000
vn 0.0356 0.9318 0.3613
vn 0.9989 -0.0445 0.0162
vn -0.0312 -0.3603 0.9323
vn -0.0356 -0.9318 -0.3613
vn 0.0312 0.3603 -0.9323
vn -0.9989 0.0445 -0.0162
usemtl Material.009
s off
f 17/29/13 21/30/13 23/31/13 19/32/13
f 20/33/14 19/32/14 23/34/14 24/35/14
f 24/36/15 23/37/15 21/38/15 22/39/15
f 22/40/16 18/41/16 20/33/16 24/42/16
f 18/41/17 17/29/17 19/32/17 20/33/17
f 22/39/18 21/38/18 17/29/18 18/41/18
o Cube.010
v 0.821656 2.508734 -0.153923
v 0.843291 2.202525 -0.221887
v 0.904469 2.517399 -0.166601
v 0.926104 2.211190 -0.234565
v 0.984393 2.313855 0.775903
v 1.006027 2.007646 0.707940
v 1.067205 2.322520 0.763226
v 1.088840 2.016311 0.695262
vt 0.625000 0.500000
vt 0.875000 0.500000
vt 0.875000 0.750000
vt 0.625000 0.750000
vt 0.375000 0.750000
vt 0.625000 1.000000
vt 0.375000 1.000000
vt 0.375000 0.000000
vt 0.625000 0.000000
vt 0.625000 0.250000
vt 0.375000 0.250000
vt 0.125000 0.500000
vt 0.375000 0.500000
vt 0.125000 0.750000
vn -0.0688 0.9739 0.2162
vn 0.9832 0.1029 -0.1505
vn 0.1688 -0.2022 0.9647
vn 0.0688 -0.9739 -0.2162
vn -0.1688 0.2022 -0.9647
vn -0.9832 -0.1029 0.1505
usemtl Material.010
s off
f 25/43/19 29/44/19 31/45/19 27/46/19
f 28/47/20 27/46/20 31/48/20 32/49/20
f 32/50/21 31/51/21 29/52/21 30/53/21
f 30/54/22 26/55/22 28/47/22 32/56/22
f 26/55/23 25/43/23 27/46/23 28/47/23
f 30/53/24 29/52/24 25/43/24 26/55/24
o Cube.011
v 0.694578 1.918566 -1.025170
v 0.775091 1.836265 -0.732603
v 0.775982 1.923056 -1.046309
v 0.856496 1.840755 -0.753742
v 0.703328 2.442666 -0.880146
v 0.783842 2.360366 -0.587578
v 0.784733 2.447157 -0.901285
v 0.865246 2.364856 -0.608717
vt 0.625000 0.500000
vt 0.875000 0.500000
vt 0.875000 0.750000
vt 0.625000 0.750000
vt 0.375000 0.750000
vt 0.625000 1.000000
vt 0.375000 1.000000
vt 0.375000 0.000000
vt 0.625000 0.000000
vt 0.625000 0.250000
vt 0.375000 0.250000
vt 0.125000 0.500000
vt 0.375000 0.500000
vt 0.125000 0.750000
vn -0.2561 0.2618 -0.9305
vn 0.9665 0.0533 -0.2510
vn 0.0161 0.9637 0.2667
vn 0.2561 -0.2618 0.9305
vn -0.0161 -0.9637 -0.2667
vn -0.9665 -0.0533 0.2510
usemtl Material.011
s off
f 33/57/25 37/58/25 39/59/25 35/60/25
f 36/61/26 35/60/26 39/62/26 40/63/26
f 40/64/27 39/65/27 37/66/27 38/67/27
f 38/68/28 34/69/28 36/61/28 40/70/28
f 34/69/29 33/57/29 35/60/29 36/61/29
f 38/67/30 37/66/30 33/57/30 34/69/30
o Cube.012
v -0.355967 2.402306 -0.960198
v -0.320176 1.763311 -0.964975
v -0.336767 2.402108 -0.789827
v -0.300976 1.763113 -0.794604
v 0.742435 2.464755 -1.083910
v 0.778227 1.825760 -1.088688
v 0.761635 2.464557 -0.913540
v 0.797427 1.825562 -0.918317
vt 0.625000 0.500000
vt 0.625000 0.750000
vt 0.875000 0.750000
vt 0.875000 0.500000
vt 0.375000 0.750000
vt 0.375000 1.000000
vt 0.625000 1.000000
vt 0.375000 0.000000
vt 0.375000 0.250000
vt 0.625000 0.250000
vt 0.625000 0.000000
vt 0.125000 0.500000
vt 0.125000 0.750000
vt 0.375000 0.500000
vn -0.0559 0.9984 0.0075
vn 0.1120 -0.0012 0.9937
vn 0.9921 0.0564 -0.1117
vn 0.0559 -0.9984 -0.0075
vn -0.9921 -0.0564 0.1117
vn -0.1120 0.0012 -0.9937
usemtl Material.012
s off
f 41/71/31 43/72/31 47/73/31 45/74/31
f 44/75/32 48/76/32 47/77/32 43/72/32
f 48/78/33 46/79/33 45/80/33 47/81/33
f 46/82/34 48/83/34 44/75/34 42/84/34
f 42/84/35 44/75/35 43/72/35 41/71/35
f 46/79/36 42/84/36 41/71/36 45/80/36
o Cube.013
v -0.954944 2.041053 -0.872577
v -0.926039 2.067350 -0.627705
v -0.922291 1.494786 -0.817766
v -0.893386 1.521084 -0.572894
v 0.205896 2.096100 -1.015515
v 0.234801 2.122398 -0.770643
v 0.238549 1.549834 -0.960705
v 0.267454 1.576131 -0.715832
vt 0.625000 0.500000
vt 0.875000 0.500000
vt 0.875000 0.750000
vt 0.625000 0.750000
vt 0.375000 0.750000
vt 0.625000 1.000000
vt 0.375000 1.000000
vt 0.375000 0.000000
vt 0.625000 0.000000
vt 0.625000 0.250000
vt 0.375000 0.250000
vt 0.125000 0.500000
vt 0.375000 0.500000
vt 0.125000 0.750000
vn -0.1166 -0.1061 -0.9875
vn 0.0594 -0.9932 0.0997
vn 0.9914 0.0470 -0.1221
vn 0.1166 0.1061 0.9875
vn -0.9914 -0.0470 0.1221
vn -0.0594 0.9932 -0.0997
usemtl Material.013
s off
f 49/85/37 53/86/37 55/87/37 51/88/37
f 52/89/38 51/88/38 55/90/38 56/91/38
f 56/92/39 55/93/39 53/94/39 54/95/39
f 54/96/40 50/97/40 52/89/40 56/98/40
f 50/97/41 49/85/41 51/88/41 52/89/41
f 54/95/42 53/94/42 49/85/42 50/97/42
o Cube.014
v -1.113838 1.746254 -0.638206
v -1.021898 1.762807 -0.337998
v -1.033484 1.750662 -0.663057
v -0.941545 1.767215 -0.362850
v -1.149470 2.288619 -0.657198
v -1.057530 2.305172 -0.356991
v -1.069117 2.293028 -0.682050
v -0.977177 2.309581 -0.381843
vt 0.625000 0.500000
vt 0.875000 0.500000
vt 0.875000 0.750000
vt 0.625000 0.750000
vt 0.375000 0.750000
vt 0.625000 1.000000
vt 0.375000 1.000000
vt 0.375000 0.000000
vt 0.625000 0.000000
vt 0.625000 0.250000
vt 0.375000 0.250000
vt 0.125000 0.500000
vt 0.375000 0.500000
vt 0.125000 0.750000
vn -0.2924 -0.0526 -0.9548
vn 0.9540 0.0523 -0.2951
vn -0.0655 0.9972 -0.0349
vn 0.2924 0.0526 0.9548
vn 0.0655 -0.9972 0.0349
vn -0.9540 -0.0523 0.2951
usemtl Material.014
s off
f 57/99/43 61/100/43 63/101/43 59/102/43
f 60/103/44 59/102/44 63/104/44 64/105/44
f 64/106/45 63/107/45 61/108/45 62/109/45
f 62/110/46 58/111/46 60/103/46 64/112/46
f 58/111/47 57/99/47 59/102/47 60/103/47
f 62/109/48 61/108/48 57/99/48 58/111/48
o Cube.015
v -1.202492 2.264620 -0.495861
v -1.116378 1.973904 -0.412674
v -1.126468 2.277436 -0.529770
v -1.040354 1.986720 -0.446583
v -1.021925 2.454480 -0.019269
v -0.935811 2.163764 0.063917
v -0.945902 2.467296 -0.053178
v -0.859788 2.176580 0.030009
vt 0.625000 0.500000
vt 0.875000 0.500000
vt 0.875000 0.750000
vt 0.625000 0.750000
vt 0.375000 0.750000
vt 0.625000 1.000000
vt 0.375000 1.000000
vt 0.375000 0.000000
vt 0.625000 0.000000
vt 0.625000 0.250000
vt 0.375000 0.250000
vt 0.125000 0.500000
vt 0.375000 0.500000
vt 0.125000 0.750000
vn -0.2739 0.9247 -0.2646
vn 0.9026 0.1522 -0.4026
vn 0.3320 0.3491 0.8763
vn 0.2739 -0.9247 0.2646
vn -0.3320 -0.3491 -0.8763
vn -0.9026 -0.1522 0.4026
usemtl Material.015
s off
f 65/113/49 69/114/49 71/115/49 67/116/49
f 68/117/50 67/116/50 71/118/50 72/119/50
f 72/120/51 71/121/51 69/122/51 70/123/51
f 70/124/52 66/125/52 68/117/52 72/126/52
f 66/125/53 65/113/53 67/116/53 68/117/53
f 70/123/54 69/122/54 65/113/54 66/125/54
o Cube.016
v -1.033807 2.384987 -0.083303
v -1.018751 2.072609 -0.050982
v -0.889806 2.392272 -0.079979
v -0.874749 2.079894 -0.047659
v -1.049083 2.440210 0.457537
v -1.034026 2.127832 0.489858
v -0.905081 2.447495 0.460860
v -0.890025 2.135117 0.493181
vt 0.625000 0.500000
vt 0.875000 0.500000
vt 0.875000 0.750000
vt 0.625000 0.750000
vt 0.375000 0.750000
vt 0.625000 1.000000
vt 0.375000 1.000000
vt 0.375000 0.000000
vt 0.625000 0.000000
vt 0.625000 0.250000
vt 0.375000 0.250000
vt 0.125000 0.500000
vt 0.375000 0.500000
vt 0.125000 0.750000
vn -0.0479 0.9935 -0.1028
vn 0.9985 0.0505 0.0230
vn -0.0281 0.1015 0.9944
vn 0.0479 -0.9935 0.1028
vn 0.0281 -0.1015 -0.9944
vn -0.9985 -0.0505 -0.0230
usemtl Material.016
s off
f 73/127/55 77/128/55 79/129/55 75/130/55
f 76/131/56 75/130/56 79/132/56 80/133/56
f 80/134/57 79/135/57 77/136/57 78/137/57
f 78/138/58 74/139/58 76/131/58 80/140/58
f 74/139/59 73/127/59 75/130/59 76/131/59
f 78/137/60 77/136/60 73/127/60 74/139/60
o Cube.017
v -1.057339 2.312039 0.344365
v -0.986293 2.013654 0.275300
v -0.976578 2.333638 0.334129
v -0.905532 2.035253 0.265063
v -0.957100 2.205091 0.909533
v -0.886054 1.906706 0.840467
v -0.876338 2.226690 0.899296
v -0.805292 1.928305 0.830231
vt 0.625000 0.500000
vt 0.875000 0.500000
vt 0.875000 0.750000
vt 0.625000 0.750000
vt 0.375000 0.750000
vt 0.625000 1.000000
vt 0.375000 1.000000
vt 0.375000 0.000000
vt 0.625000 0.000000
vt 0.625000 0.250000
vt 0.375000 0.250000
vt 0.125000 0.500000
vt 0.375000 0.500000
vt 0.125000 0.750000
vn -0.2260 0.9490 0.2197
vn 0.9589 0.2564 -0.1215
vn 0.1717 -0.1832 0.9680
vn 0.2260 -0.9490 -0.2197
vn -0.1717 0.1832 -0.9680
vn -0.9589 -0.2564 0.1215
usemtl Material.017
s off
f 81/141/61 85/142/61 87/143/61 83/144/61
f 84/145/62 83/144/62 87/146/62 88/147/62
f 88/148/63 87/149/63 85/150/63 86/151/63
f 86/152/64 82/153/64 84/145/64 88/154/64
f 82/153/65 81/141/65 83/144/65 84/145/65
f 86/151/66 85/150/66 81/141/66 82/153/66
o Cube.018
v -1.011749 2.214002 0.835098
v -0.918874 1.913734 0.827052
v -0.933998 2.238614 0.814055
v -0.841124 1.938346 0.806009
v -0.917281 2.233264 1.206660
v -0.824407 1.932996 1.198614
v -0.839531 2.257877 1.185617
v -0.746657 1.957609 1.177570
vt 0.625000 0.500000
vt 0.875000 0.500000
vt 0.875000 0.750000
vt 0.625000 0.750000
vt 0.375000 0.750000
vt 0.625000 1.000000
vt 0.375000 1.000000
vt 0.375000 0.000000
vt 0.625000 0.000000
vt 0.625000 0.250000
vt 0.375000 0.250000
vt 0.125000 0.500000
vt 0.375000 0.500000
vt 0.125000 0.750000
vn -0.2954 0.9550 0.0256
vn 0.9231 0.2922 -0.2499
vn 0.2461 0.0502 0.9679
vn 0.2954 -0.9550 -0.0256
vn -0.2461 -0.0502 -0.9679
vn -0.9231 -0.2922 0.2499
usemtl Material.018
s off
f 89/155/67 93/156/67 95/157/67 91/158/67
f 92/159/68 91/158/68 95/160/68 96/161/68
f 96/162/69 95/163/69 93/164/69 94/165/69
f 94/166/70 90/167/70 92/159/70 96/168/70
f 90/167/71 89/155/71 91/158/71 92/159/71
f 94/165/72 93/164/72 89/155/72 90/167/72
o Cube.019
v -0.794009 1.920172 1.124960
v -0.914098 2.203386 1.189917
v -0.767068 1.913360 1.204468
v -0.887157 2.196574 1.269424
v -0.443833 2.092483 1.021066
v -0.563923 2.375697 1.086023
v -0.416892 2.085671 1.100574
v -0.536982 2.368886 1.165530
vt 0.625000 0.500000
vt 0.875000 0.500000
vt 0.875000 0.750000
vt 0.625000 0.750000
vt 0.375000 0.750000
vt 0.625000 1.000000
vt 0.375000 1.000000
vt 0.375000 0.000000
vt 0.625000 0.000000
vt 0.625000 0.250000
vt 0.375000 0.250000
vt 0.125000 0.500000
vt 0.375000 0.500000
vt 0.125000 0.750000
vn 0.3820 -0.9008 -0.2066
vn 0.3199 -0.0809 0.9440
vn 0.8671 0.4267 -0.2572
vn -0.3820 0.9008 0.2066
vn -0.8671 -0.4267 0.2572
vn -0.3199 0.0809 -0.9440
usemtl Material.019
s off
f 97/169/73 101/170/73 103/171/73 99/172/73
f 100/173/74 99/172/74 103/174/74 104/175/74
f 104/176/75 103/177/75 101/178/75 102/179/75
f 102/180/76 98/181/76 100/173/76 104/182/76
f 98/181/77 97/169/77 99/172/77 100/173/77
f 102/179/78 101/178/78 97/169/78 98/181/78
o Cube.020
v -0.529414 2.100935 1.195975
v -0.582463 2.349741 1.194036
v -0.601628 2.083959 0.993351
v -0.654676 2.332766 0.991412
v -0.029614 2.206041 1.009045
v -0.082662 2.454847 1.007106
v -0.101827 2.189065 0.806422
v -0.154875 2.437872 0.804483
vt 0.625000 0.500000
vt 0.625000 0.750000
vt 0.875000 0.750000
vt 0.875000 0.500000
vt 0.375000 0.750000
vt 0.375000 1.000000
vt 0.625000 1.000000
vt 0.375000 0.000000
vt 0.375000 0.250000
vt 0.625000 0.250000
vt 0.625000 0.000000
vt 0.125000 0.500000
vt 0.125000 0.750000
vt 0.375000 0.500000
vn 0.2085 -0.9780 0.0076
vn -0.3347 -0.0787 -0.9390
vn 0.9190 0.1933 -0.3437
vn -0.2085 0.9780 -0.0076
vn -0.9190 -0.1933 0.3437
vn 0.3347 0.0787 0.9390
usemtl Material.020
s off
f 105/183/79 107/184/79 111/185/79 109/186/79
f 108/187/80 112/188/80 111/189/80 107/184/80
f 112/190/81 110/191/81 109/192/81 111/193/81
f 110/194/82 112/195/82 108/187/82 106/196/82
f 106/196/83 108/187/83 107/184/83 105/183/83
f 110/191/84 106/196/84 105/183/84 109/192/84
o Cube.021
v 0.808849 2.515134 0.953262
v 0.751102 2.313651 0.998428
v 0.746463 2.508973 0.846016
v 0.688716 2.307490 0.891183
v 1.157156 2.371734 0.758888
v 1.099409 2.170251 0.804054
v 1.094770 2.365573 0.651642
v 1.037023 2.164090 0.696808
vt 0.625000 0.500000
vt 0.875000 0.500000
vt 0.875000 0.750000
vt 0.625000 0.750000
vt 0.375000 0.750000
vt 0.625000 1.000000
vt 0.375000 1.000000
vt 0.375000 0.000000
vt 0.625000 0.000000
vt 0.625000 0.250000
vt 0.375000 0.250000
vt 0.125000 0.500000
vt 0.375000 0.500000
vt 0.125000 0.750000
vn 0.2693 0.9397 -0.2107
vn -0.5022 -0.0496 -0.8633
vn 0.8217 -0.3383 -0.4586
vn -0.2693 -0.9397 0.2107
vn -0.8217 0.3383 0.4586
vn 0.5022 0.0496 0.8633
usemtl Material.021
s off
f 113/197/85 117/198/85 119/199/85 115/200/85
f 116/201/86 115/200/86 119/202/86 120/203/86
f 120/204/87 119/205/87 117/206/87 118/207/87
f 118/208/88 114/209/88 116/201/88 120/210/88
f 114/209/89 113/197/89 115/200/89 116/201/89
f 118/207/90 117/206/90 113/197/90 114/209/90
o Cube.003
v 0.876426 2.386450 -1.197686
v 0.863822 2.608226 -1.190426
v 1.248520 2.335771 0.996572
v 1.235916 2.557547 1.003832
v -1.314784 2.249854 -0.829264
v -1.327389 2.471629 -0.822004
v -0.942690 2.199175 1.364994
v -0.955294 2.420950 1.372254
vt 0.625000 0.500000
vt 0.625000 0.750000
vt 0.875000 0.750000
vt 0.875000 0.500000
vt 0.375000 0.750000
vt 0.375000 1.000000
vt 0.625000 1.000000
vt 0.375000 0.000000
vt 0.375000 0.250000
vt 0.625000 0.250000
vt 0.625000 0.000000
vt 0.125000 0.500000
vt 0.125000 0.750000
vt 0.375000 0.500000
vn 0.0567 -0.9979 -0.0327
vn 0.1671 -0.0228 0.9857
vn -0.9843 -0.0614 0.1655
vn -0.0567 0.9979 0.0327
vn 0.9843 0.0614 -0.1655
vn -0.1671 0.0228 -0.9857
usemtl Material.003
s off
f 121/211/91 123/212/91 127/213/91 125/214/91
f 124/215/92 128/216/92 127/217/92 123/212/92
f 128/218/93 126/219/93 125/220/93 127/221/93
f 126/222/94 128/223/94 124/215/94 122/224/94
f 122/224/95 124/215/95 123/212/95 121/211/95
f 126/219/96 122/224/96 121/211/96 125/220/96
o Cube.004
v 0.702188 2.394867 -0.953467
v 0.659345 3.148681 -0.928792
v 1.003611 2.353814 0.824042
v 0.960768 3.107628 0.848717
v -1.072852 2.284214 -0.655018
v -1.115694 3.038028 -0.630343
v -0.771428 2.243161 1.122491
v -0.814271 2.996975 1.147166
vt 0.625000 0.500000
vt 0.625000 0.750000
vt 0.875000 0.750000
vt 0.875000 0.500000
vt 0.375000 0.750000
vt 0.375000 1.000000
vt 0.625000 1.000000
vt 0.375000 0.000000
vt 0.375000 0.250000
vt 0.625000 0.250000
vt 0.625000 0.000000
vt 0.125000 0.500000
vt 0.125000 0.750000
vt 0.375000 0.500000
vn 0.0567 -0.9979 -0.0327
vn 0.1671 -0.0228 0.9857
vn -0.9843 -0.0614 0.1655
vn -0.0567 0.9979 0.0327
vn 0.9843 0.0614 -0.1655
vn -0.1671 0.0228 -0.9857
usemtl Material.004
s off
f 129/225/97 131/226/97 135/227/97 133/228/97
f 132/229/98 136/230/98 135/231/98 131/226/98
f 136/232/99 134/233/99 133/234/99 135/235/99
f 134/236/100 136/237/100 132/229/100 130/238/100
f 130/238/101 132/229/101 131/226/101 129/225/101
f 134/233/102 130/238/102 129/225/102 133/234/102
o Cube.001
v 0.692687 2.789263 -0.958688
v 0.684168 2.939152 -0.953782
v 0.999363 2.747495 0.849796
v 0.990845 2.897383 0.854702
v -1.113284 2.676682 -0.655039
v -1.121803 2.826571 -0.650132
v -0.806608 2.634914 1.153446
v -0.815127 2.784802 1.158352
vt 0.625000 0.500000
vt 0.625000 0.750000
vt 0.875000 0.750000
vt 0.875000 0.500000
vt 0.375000 0.750000
vt 0.375000 1.000000
vt 0.625000 1.000000
vt 0.375000 0.000000
vt 0.375000 0.250000
vt 0.625000 0.250000
vt 0.625000 0.000000
vt 0.125000 0.500000
vt 0.125000 0.750000
vt 0.375000 0.500000
vn 0.0567 -0.9979 -0.0327
vn 0.1671 -0.0228 0.9857
vn -0.9843 -0.0614 0.1655
vn -0.0567 0.9979 0.0327
vn 0.9843 0.0614 -0.1655
vn -0.1671 0.0228 -0.9857
usemtl Material.001
s off
f 137/239/103 139/240/103 143/241/103 141/242/103
f 140/243/104 144/244/104 143/245/104 139/240/104
f 144/246/105 142/247/105 141/248/105 143/249/105
f 142/250/106 144/251/106 140/243/106 138/252/106
f 138/252/107 140/243/107 139/240/107 137/239/107
f 142/247/108 138/252/108 137/239/108 141/248/108
o HEAD_Cube
v 0.698392 2.447179 -0.950600
v 0.757449 1.408059 -0.984614
v 0.999481 2.406171 0.824937
v 1.058539 1.367051 0.790922
v -1.074678 2.336648 -0.652482
v -1.015620 1.297529 -0.686496
v -0.773589 2.295641 1.123054
v -0.714531 1.256521 1.089040
vt 0.625000 0.500000
vt 0.875000 0.500000
vt 0.875000 0.750000
vt 0.625000 0.750000
vt 0.375000 0.750000
vt 0.625000 1.000000
vt 0.375000 1.000000
vt 0.375000 0.000000
vt 0.625000 0.000000
vt 0.625000 0.250000
vt 0.375000 0.250000
vt 0.125000 0.500000
vt 0.375000 0.500000
vt 0.125000 0.750000
vn -0.0567 0.9979 0.0327
vn 0.1671 -0.0228 0.9857
vn -0.9843 -0.0614 0.1655
vn 0.0567 -0.9979 -0.0327
vn 0.9843 0.0614 -0.1655
vn -0.1671 0.0228 -0.9857
usemtl Material
s off
f 145/253/109 149/254/109 151/255/109 147/256/109
f 148/257/110 147/256/110 151/258/110 152/259/110
f 152/260/111 151/261/111 149/262/111 150/263/111
f 150/264/112 146/265/112 148/257/112 152/266/112
f 146/265/113 145/253/113 147/256/113 148/257/113
f 150/263/114 149/262/114 145/253/114 146/265/114
o Cube.005
v -0.967178 2.060422 0.313167
v -1.018224 2.071668 0.003136
v -0.884142 2.064385 0.299639
v -0.935188 2.075632 -0.010392
v -0.945065 1.517507 0.289832
v -0.996112 1.528753 -0.020199
v -0.862029 1.521470 0.276304
v -0.913076 1.532717 -0.033727
vt 0.625000 0.500000
vt 0.875000 0.500000
vt 0.875000 0.750000
vt 0.625000 0.750000
vt 0.375000 0.750000
vt 0.625000 1.000000
vt 0.375000 1.000000
vt 0.375000 0.000000
vt 0.625000 0.000000
vt 0.625000 0.250000
vt 0.375000 0.250000
vt 0.125000 0.500000
vt 0.375000 0.500000
vt 0.125000 0.750000
vn 0.1624 -0.0358 0.9861
vn 0.9859 0.0471 -0.1606
vn 0.0407 -0.9983 -0.0429
vn -0.1624 0.0358 -0.9861
vn -0.0407 0.9983 0.0429
vn -0.9859 -0.0471 0.1606
usemtl oor
s off
f 153/267/115 157/268/115 159/269/115 155/270/115
f 156/271/116 155/270/116 159/272/116 160/273/116
f 160/274/117 159/275/117 157/276/117 158/277/117
f 158/278/118 154/279/118 156/271/118 160/280/118
f 154/279/119 153/267/119 155/270/119 156/271/119
f 158/277/120 157/276/120 153/267/120 154/279/120
o Cube.006
v 0.875958 2.175320 0.003268
v 0.824912 2.186566 -0.306762
v 0.958994 2.179283 -0.010260
v 0.907948 2.190530 -0.320291
v 0.898071 1.632405 -0.020067
v 0.847025 1.643651 -0.330098
v 0.981107 1.636368 -0.033595
v 0.930061 1.647614 -0.343626
vt 0.625000 0.500000
vt 0.875000 0.500000
vt 0.875000 0.750000
vt 0.625000 0.750000
vt 0.375000 0.750000
vt 0.625000 1.000000
vt 0.375000 1.000000
vt 0.375000 0.000000
vt 0.625000 0.000000
vt 0.625000 0.250000
vt 0.375000 0.250000
vt 0.125000 0.500000
vt 0.375000 0.500000
vt 0.125000 0.750000
vn 0.1624 -0.0358 0.9861
vn 0.9859 0.0471 -0.1606
vn 0.0407 -0.9983 -0.0429
vn -0.1624 0.0358 -0.9861
vn -0.0407 0.9983 0.0429
vn -0.9859 -0.0471 0.1606
usemtl oor
s off
f 161/281/121 165/282/121 167/283/121 163/284/121
f 164/285/122 163/284/122 167/286/122 168/287/122
f 168/288/123 167/289/123 165/290/123 166/291/123
f 166/292/124 162/293/124 164/285/124 168/294/124
f 162/293/125 161/281/125 163/284/125 164/285/125
f 166/291/126 165/290/126 161/281/126 162/293/126
o eye.right_Cube.028
v -0.435046 1.991563 0.846511
v -0.418409 1.698843 0.836929
v -0.399332 1.986699 1.057115
v -0.382696 1.693979 1.047533
v -0.205707 2.005860 0.807950
v -0.189070 1.713139 0.798369
v -0.169993 2.000996 1.018554
v -0.153356 1.708275 1.008973
vt 0.625000 0.500000
vt 0.625000 0.750000
vt 0.875000 0.750000
vt 0.875000 0.500000
vt 0.375000 0.750000
vt 0.375000 1.000000
vt 0.625000 1.000000
vt 0.375000 0.000000
vt 0.375000 0.250000
vt 0.625000 0.250000
vt 0.625000 0.000000
vt 0.125000 0.500000
vt 0.125000 0.750000
vt 0.375000 0.500000
vn -0.0567 0.9979 0.0327
vn 0.1671 -0.0228 0.9857
vn 0.9843 0.0614 -0.1655
vn 0.0567 -0.9979 -0.0327
vn -0.9843 -0.0614 0.1655
vn -0.1671 0.0228 -0.9857
usemtl Material.028
s off
f 169/295/127 171/296/127 175/297/127 173/298/127
f 172/299/128 176/300/128 175/301/128 171/296/128
f 176/302/129 174/303/129 173/304/129 175/305/129
f 174/306/130 176/307/130 172/299/130 170/308/130
f 170/308/131 172/299/131 171/296/131 169/295/131
f 174/303/132 170/308/132 169/295/132 173/304/132
o eye.left_Cube.029
v 0.379504 2.044725 0.707349
v 0.396178 1.751355 0.697746
v 0.415217 2.039861 0.917953
v 0.431891 1.746491 0.908350
v 0.608843 2.059021 0.668789
v 0.625517 1.765652 0.659185
v 0.644557 2.054157 0.879392
v 0.661230 1.760788 0.869789
vt 0.625000 0.500000
vt 0.625000 0.750000
vt 0.875000 0.750000
vt 0.875000 0.500000
vt 0.375000 0.750000
vt 0.375000 1.000000
vt 0.625000 1.000000
vt 0.375000 0.000000
vt 0.375000 0.250000
vt 0.625000 0.250000
vt 0.625000 0.000000
vt 0.125000 0.500000
vt 0.125000 0.750000
vt 0.375000 0.500000
vn -0.0567 0.9979 0.0327
vn 0.1671 -0.0228 0.9857
vn 0.9843 0.0614 -0.1655
vn 0.0567 -0.9979 -0.0327
vn -0.9843 -0.0614 0.1655
vn -0.1671 0.0228 -0.9857
usemtl Material.029
s off
f 177/309/133 179/310/133 183/311/133 181/312/133
f 180/313/134 184/314/134 183/315/134 179/310/134
f 184/316/135 182/317/135 181/318/135 183/319/135
f 182/320/136 184/321/136 180/313/136 178/322/136
f 178/322/137 180/313/137 179/310/137 177/309/137
f 182/317/138 178/322/138 177/309/138 181/318/138
o eyebrow.left_Cube.024
v 0.347019 2.003752 0.732789
v 0.309057 2.101708 0.736490
v 0.381145 2.009142 0.940163
v 0.343182 2.107097 0.943864
v 0.700920 2.143244 0.670926
v 0.662957 2.241200 0.674628
v 0.735045 2.148633 0.878300
v 0.697083 2.246589 0.882002
vt 0.625000 0.500000
vt 0.875000 0.500000
vt 0.875000 0.750000
vt 0.625000 0.750000
vt 0.375000 0.750000
vt 0.625000 1.000000
vt 0.375000 1.000000
vt 0.375000 0.000000
vt 0.625000 0.000000
vt 0.625000 0.250000
vt 0.375000 0.250000
vt 0.125000 0.500000
vt 0.375000 0.500000
vt 0.125000 0.750000
vn 0.3611 -0.9318 -0.0352
vn 0.1623 0.0256 0.9864
vn 0.9183 0.3619 -0.1605
vn -0.3611 0.9318 0.0352
vn -0.9183 -0.3619 0.1605
vn -0.1623 -0.0256 -0.9864
usemtl Material.024
s off
f 185/323/139 189/324/139 191/325/139 187/326/139
f 188/327/140 187/326/140 191/328/140 192/329/140
f 192/330/141 191/331/141 189/332/141 190/333/141
f 190/334/142 186/335/142 188/327/142 192/336/142
f 186/335/143 185/323/143 187/326/143 188/327/143
f 190/333/144 189/332/144 185/323/144 186/335/144
o eyebrow.right_Cube.025
v -0.499751 1.976228 0.865069
v -0.499485 2.077660 0.864009
v -0.476823 1.978278 1.066984
v -0.476557 2.079710 1.065924
v -0.128349 1.974814 0.822909
v -0.128083 2.076246 0.821849
v -0.105420 1.976864 1.024824
v -0.105155 2.078296 1.023764
vt 0.625000 0.500000
vt 0.875000 0.500000
vt 0.875000 0.750000
vt 0.625000 0.750000
vt 0.375000 0.750000
vt 0.625000 1.000000
vt 0.375000 1.000000
vt 0.375000 0.000000
vt 0.625000 0.000000
vt 0.625000 0.250000
vt 0.375000 0.250000
vt 0.125000 0.500000
vt 0.375000 0.500000
vt 0.125000 0.750000
vn -0.0026 -0.9999 0.0104
vn 0.1128 0.0101 0.9936
vn 0.9936 -0.0038 -0.1128
vn 0.0026 0.9999 -0.0104
vn -0.9936 0.0038 0.1128
vn -0.1128 -0.0101 -0.9936
usemtl Material.025
s off
f 193/337/145 197/338/145 199/339/145 195/340/145
f 196/341/146 195/340/146 199/342/146 200/343/146
f 200/344/147 199/345/147 197/346/147 198/347/147
f 198/348/148 194/349/148 196/341/148 200/350/148
f 194/349/149 193/337/149 195/340/149 196/341/149
f 198/347/150 197/346/150 193/337/150 194/349/150
o mouth_Cube.023
v 0.484920 1.478520 0.698045
v 0.480866 1.549856 0.700381
v 0.522657 1.473752 0.909242
v 0.518603 1.545088 0.911577
v -0.166083 1.437743 0.813447
v -0.170137 1.509079 0.815782
v -0.128346 1.432975 1.024644
v -0.132400 1.504311 1.026979
vt 0.625000 0.500000
vt 0.625000 0.750000
vt 0.875000 0.750000
vt 0.875000 0.500000
vt 0.375000 0.750000
vt 0.375000 1.000000
vt 0.625000 1.000000
vt 0.375000 0.000000
vt 0.375000 0.250000
vt 0.625000 0.250000
vt 0.625000 0.000000
vt 0.125000 0.500000
vt 0.125000 0.750000
vt 0.375000 0.500000
vn 0.0567 -0.9979 -0.0327
vn 0.1759 -0.0222 0.9842
vn -0.9828 -0.0616 0.1742
vn -0.0567 0.9979 0.0327
vn 0.9828 0.0616 -0.1742
vn -0.1759 0.0222 -0.9842
usemtl Material.023
s off
f 201/351/151 203/352/151 207/353/151 205/354/151
f 204/355/152 208/356/152 207/357/152 203/352/152
f 208/358/153 206/359/153 205/360/153 207/361/153
f 206/362/154 208/363/154 204/355/154 202/364/154
f 202/364/155 204/355/155 203/352/155 201/351/155
f 206/359/156 202/364/156 201/351/156 205/360/156
o nose_Cube.022
v -0.014841 1.705650 0.848309
v -0.020809 1.810672 0.851747
v 0.020403 1.700850 1.056143
v 0.014434 1.805872 1.059581
v 0.269764 1.723392 0.800456
v 0.263795 1.828414 0.803894
v 0.305008 1.718591 1.008291
v 0.299039 1.823614 1.011728
vt 0.625000 0.500000
vt 0.875000 0.500000
vt 0.875000 0.750000
vt 0.625000 0.750000
vt 0.375000 0.750000
vt 0.625000 1.000000
vt 0.375000 1.000000
vt 0.375000 0.000000
vt 0.625000 0.000000
vt 0.625000 0.250000
vt 0.375000 0.250000
vt 0.125000 0.500000
vt 0.375000 0.500000
vt 0.125000 0.750000
vn 0.0567 -0.9979 -0.0327
vn 0.1671 -0.0228 0.9857
vn 0.9843 0.0614 -0.1655
vn -0.0567 0.9979 0.0327
vn -0.9843 -0.0614 0.1655
vn -0.1671 0.0228 -0.9857
usemtl Material.022
s off
f 209/365/157 213/366/157 215/367/157 211/368/157
f 212/369/158 211/368/158 215/370/158 216/371/158
f 216/372/159 215/373/159 213/374/159 214/375/159
f 214/376/160 210/377/160 212/369/160 216/378/160
f 210/377/161 209/365/161 211/368/161 212/369/161
f 214/375/162 213/374/162 209/365/162 210/377/162
o pupil.left_Cube.027
v 0.442259 1.935370 0.699023
v 0.450929 1.782348 0.694004
v 0.480000 1.929947 0.929557
v 0.488670 1.776925 0.924538
v 0.553589 1.942270 0.680959
v 0.562260 1.789248 0.675940
v 0.591331 1.936847 0.911493
v 0.600001 1.783825 0.906474
vt 0.625000 0.500000
vt 0.625000 0.750000
vt 0.875000 0.750000
vt 0.875000 0.500000
vt 0.375000 0.750000
vt 0.375000 1.000000
vt 0.625000 1.000000
vt 0.375000 0.000000
vt 0.375000 0.250000
vt 0.625000 0.250000
vt 0.625000 0.000000
vt 0.125000 0.500000
vt 0.125000 0.750000
vt 0.375000 0.500000
vn -0.0565 0.9979 0.0327
vn 0.1615 -0.0232 0.9866
vn 0.9852 0.0611 -0.1599
vn 0.0565 -0.9979 -0.0327
vn -0.9852 -0.0611 0.1599
vn -0.1615 0.0232 -0.9866
usemtl Material.027
s off
f 217/379/163 219/380/163 223/381/163 221/382/163
f 220/383/164 224/384/164 223/385/164 219/380/164
f 224/386/165 222/387/165 221/388/165 223/389/165
f 222/390/166 224/391/166 220/383/166 218/392/166
f 218/392/167 220/383/167 219/380/167 217/379/167
f 222/387/168 218/392/168 217/379/168 221/388/168
o pupil.right_Cube.026
v -0.358439 1.889826 0.850888
v -0.349745 1.736805 0.845877
v -0.323007 1.884942 1.061539
v -0.314313 1.731921 1.056528
v -0.247191 1.896754 0.832336
v -0.238497 1.743733 0.827326
v -0.211758 1.891870 1.042987
v -0.203064 1.738849 1.037977
vt 0.625000 0.500000
vt 0.625000 0.750000
vt 0.875000 0.750000
vt 0.875000 0.500000
vt 0.375000 0.750000
vt 0.375000 1.000000
vt 0.625000 1.000000
vt 0.375000 0.000000
vt 0.375000 0.250000
vt 0.625000 0.250000
vt 0.625000 0.000000
vt 0.125000 0.500000
vt 0.125000 0.750000
vt 0.375000 0.500000
vn -0.0567 0.9979 0.0327
vn 0.1658 -0.0229 0.9859
vn 0.9845 0.0613 -0.1642
vn 0.0567 -0.9979 -0.0327
vn -0.9845 -0.0613 0.1642
vn -0.1658 0.0229 -0.9859
usemtl Material.026
s off
f 225/393/169 227/394/169 231/395/169 229/396/169
f 228/397/170 232/398/170 231/399/170 227/394/170
f 232/400/171 230/401/171 229/402/171 231/403/171
f 230/404/172 232/405/172 228/397/172 226/406/172
f 226/406/173 228/397/173 227/394/173 225/393/173
f 230/401/174 226/406/174 225/393/174 229/402/174
o Cube.022_Cube.030
v 0.307536 1.412489 -0.282873
v 0.335475 0.920901 -0.298964
v 0.388110 1.398473 0.285216
v 0.416050 0.906884 0.269124
v -0.353009 1.371913 -0.190185
v -0.325070 0.880325 -0.206277
v -0.272435 1.357897 0.377903
v -0.244495 0.866309 0.361811
vt 0.625000 0.500000
vt 0.875000 0.500000
vt 0.875000 0.750000
vt 0.625000 0.750000
vt 0.375000 0.750000
vt 0.625000 1.000000
vt 0.375000 1.000000
vt 0.375000 0.000000
vt 0.625000 0.000000
vt 0.625000 0.250000
vt 0.375000 0.250000
vt 0.125000 0.500000
vt 0.375000 0.500000
vt 0.125000 0.750000
vn -0.0567 0.9979 0.0327
vn 0.1404 -0.0244 0.9898
vn -0.9885 -0.0607 0.1387
vn 0.0567 -0.9979 -0.0327
vn 0.9885 0.0607 -0.1387
vn -0.1404 0.0244 -0.9898
usemtl Material.030
s off
f 233/407/175 237/408/175 239/409/175 235/410/175
f 236/411/176 235/410/176 239/412/176 240/413/176
f 240/414/177 239/415/177 237/416/177 238/417/177
f 238/418/178 234/419/178 236/411/178 240/420/178
f 234/419/179 233/407/179 235/410/179 236/411/179
f 238/417/180 237/416/180 233/407/180 234/419/180
o Cube.023_Cube.031
v 0.803559 1.170184 -0.137740
v 0.801320 1.029584 -0.137796
v 0.422412 1.175927 0.689594
v 0.420173 1.035326 0.689538
v -0.363065 1.188972 -0.675327
v -0.365304 1.048372 -0.675382
v -0.744213 1.194714 0.152008
v -0.746451 1.054114 0.151952
vt 0.625000 0.500000
vt 0.875000 0.500000
vt 0.875000 0.750000
vt 0.625000 0.750000
vt 0.375000 0.750000
vt 0.625000 1.000000
vt 0.375000 1.000000
vt 0.375000 0.000000
vt 0.625000 0.000000
vt 0.625000 0.250000
vt 0.375000 0.250000
vt 0.125000 0.500000
vt 0.375000 0.500000
vt 0.125000 0.750000
vn 0.0159 0.9999 0.0004
vn -0.4184 0.0063 0.9082
vn -0.9081 0.0146 -0.4185
vn -0.0159 -0.9999 -0.0004
vn 0.9081 -0.0146 0.4185
vn 0.4184 -0.0063 -0.9082
usemtl Material.031
s off
f 241/421/181 245/422/181 247/423/181 243/424/181
f 244/425/182 243/424/182 247/426/182 248/427/182
f 248/428/183 247/429/183 245/430/183 246/431/183
f 246/432/184 242/433/184 244/425/184 248/434/184
f 242/433/185 241/421/185 243/424/185 244/425/185
f 246/431/186 245/430/186 241/421/186 242/433/186
o Cube.024_Cube.032
v -0.065397 1.095240 0.486682
v -0.068699 0.887861 0.486600
v -0.080855 1.095473 0.520236
v -0.084157 0.888094 0.520154
v -0.271908 1.098566 0.391521
v -0.275210 0.891187 0.391439
v -0.287366 1.098799 0.425075
v -0.290668 0.891420 0.424993
vt 0.625000 0.500000
vt 0.875000 0.500000
vt 0.875000 0.750000
vt 0.625000 0.750000
vt 0.375000 0.750000
vt 0.625000 1.000000
vt 0.375000 1.000000
vt 0.375000 0.000000
vt 0.625000 0.000000
vt 0.625000 0.250000
vt 0.375000 0.250000
vt 0.125000 0.500000
vt 0.375000 0.500000
vt 0.125000 0.750000
vn 0.0159 0.9999 0.0004
vn -0.4184 0.0063 0.9082
vn -0.9081 0.0146 -0.4185
vn -0.0159 -0.9999 -0.0004
vn 0.9081 -0.0146 0.4185
vn 0.4184 -0.0063 -0.9082
usemtl Material.032
s off
f 249/435/187 253/436/187 255/437/187 251/438/187
f 252/439/188 251/438/188 255/440/188 256/441/188
f 256/442/189 255/443/189 253/444/189 254/445/189
f 254/446/190 250/447/190 252/439/190 256/448/190
f 250/447/191 249/435/191 251/438/191 252/439/191
f 254/445/192 253/444/192 249/435/192 250/447/192
o Cube.026_Cube.034
v 0.409184 1.028365 0.705791
v -0.119214 -1.113904 0.477232
v 0.360011 1.029106 0.812528
v -0.168386 -1.113164 0.583968
v 0.120811 1.113730 0.572348
v -0.407586 -1.028539 0.343788
v 0.071639 1.114471 0.679084
v -0.456759 -1.027798 0.450524
vt 0.625000 0.500000
vt 0.875000 0.500000
vt 0.875000 0.750000
vt 0.625000 0.750000
vt 0.375000 0.750000
vt 0.625000 1.000000
vt 0.375000 1.000000
vt 0.375000 0.000000
vt 0.625000 0.000000
vt 0.625000 0.250000
vt 0.375000 0.250000
vt 0.125000 0.500000
vt 0.375000 0.500000
vt 0.125000 0.750000
vn 0.2382 0.9657 0.1030
vn -0.4184 0.0063 0.9082
vn -0.8765 0.2595 -0.4056
vn -0.2382 -0.9657 -0.1030
vn 0.8765 -0.2595 0.4056
vn 0.4184 -0.0063 -0.9082
usemtl Material.034
s off
f 257/449/193 261/450/193 263/451/193 259/452/193
f 260/453/194 259/452/194 263/454/194 264/455/194
f 264/456/195 263/457/195 261/458/195 262/459/195
f 262/460/196 258/461/196 260/453/196 264/462/196
f 258/461/197 257/449/197 259/452/197 260/453/197
f 262/459/198 261/458/198 257/449/198 258/461/198
o Cube.025_Cube.041
v -0.420369 1.116969 0.323324
v 0.037433 -1.030604 0.549137
v -0.469301 1.117706 0.429537
v -0.011499 -1.029866 0.655350
v -0.709881 1.041284 0.190473
v -0.252079 -1.106288 0.416286
v -0.758812 1.042021 0.296686
v -0.301010 -1.105551 0.522499
vt 0.625000 0.500000
vt 0.875000 0.500000
vt 0.875000 0.750000
vt 0.625000 0.750000
vt 0.375000 0.750000
vt 0.625000 1.000000
vt 0.375000 1.000000
vt 0.375000 0.000000
vt 0.625000 0.000000
vt 0.625000 0.250000
vt 0.375000 0.250000
vt 0.125000 0.500000
vt 0.375000 0.500000
vt 0.125000 0.750000
vn -0.2074 0.9729 -0.1023
vn -0.4184 0.0063 0.9082
vn -0.8843 -0.2312 -0.4058
vn 0.2074 -0.9729 0.1023
vn 0.8843 0.2312 0.4058
vn 0.4184 -0.0063 -0.9082
usemtl Material.041
s off
f 265/463/199 269/464/199 271/465/199 267/466/199
f 268/467/200 267/466/200 271/468/200 272/469/200
f 272/470/201 271/471/201 269/472/201 270/473/201
f 270/474/202 266/475/202 268/467/202 272/476/202
f 266/475/203 265/463/203 267/466/203 268/467/203
f 270/473/204 269/472/204 265/463/204 266/475/204
o Cube.027_Cube.042
v 0.130842 1.101136 0.409866
v 0.107480 -0.366083 0.409287
v 0.056806 1.102251 0.570573
v 0.033444 -0.364968 0.569994
v -0.348103 1.108849 0.189165
v -0.371465 -0.358370 0.188586
v -0.422140 1.109965 0.349872
v -0.445502 -0.357255 0.349294
vt 0.625000 0.500000
vt 0.875000 0.500000
vt 0.875000 0.750000
vt 0.625000 0.750000
vt 0.375000 0.750000
vt 0.625000 1.000000
vt 0.375000 1.000000
vt 0.375000 0.000000
vt 0.625000 0.000000
vt 0.625000 0.250000
vt 0.375000 0.250000
vt 0.125000 0.500000
vt 0.375000 0.500000
vt 0.125000 0.750000
vn 0.0159 0.9999 0.0004
vn -0.4184 0.0063 0.9082
vn -0.9081 0.0146 -0.4185
vn -0.0159 -0.9999 -0.0004
vn 0.9081 -0.0146 0.4185
vn 0.4184 -0.0063 -0.9082
usemtl Material.042
s off
f 273/477/205 277/478/205 279/479/205 275/480/205
f 276/481/206 275/480/206 279/482/206 280/483/206
f 280/484/207 279/485/207 277/486/207 278/487/207
f 278/488/208 274/489/208 276/481/208 280/490/208
f 274/489/209 273/477/209 275/480/209 276/481/209
f 278/487/210 277/486/210 273/477/210 274/489/210
o Cube.028_Cube.043
v -0.268422 0.953758 0.418759
v -0.227158 0.876587 0.438708
v -0.274177 0.954532 0.433655
v -0.232913 0.877360 0.453604
v -0.383448 0.881732 0.378058
v -0.342184 0.804561 0.398007
v -0.389203 0.882506 0.392954
v -0.347939 0.805334 0.412903
vt 0.625000 0.500000
vt 0.875000 0.500000
vt 0.875000 0.750000
vt 0.625000 0.750000
vt 0.375000 0.750000
vt 0.625000 1.000000
vt 0.375000 1.000000
vt 0.375000 0.000000
vt 0.625000 0.000000
vt 0.625000 0.250000
vt 0.375000 0.250000
vt 0.125000 0.500000
vt 0.375000 0.500000
vt 0.125000 0.750000
vn -0.4597 0.8598 -0.2223
vn -0.3600 0.0484 0.9317
vn -0.8118 -0.5083 -0.2873
vn 0.4597 -0.8598 0.2223
vn 0.8118 0.5083 0.2873
vn 0.3600 -0.0484 -0.9317
usemtl Material.043
s off
f 281/491/211 285/492/211 287/493/211 283/494/211
f 284/495/212 283/494/212 287/496/212 288/497/212
f 288/498/213 287/499/213 285/500/213 286/501/213
f 286/502/214 282/503/214 284/495/214 288/504/214
f 282/503/215 281/491/215 283/494/215 284/495/215
f 286/501/216 285/500/216 281/491/216 282/503/216
o Cube.030_Cube.045
v -0.203632 0.924282 0.452009
v -0.137039 -0.214956 0.494146
v -0.210565 0.924449 0.467477
v -0.143972 -0.214789 0.509614
v -0.292746 0.917598 0.412140
v -0.226154 -0.221640 0.454277
v -0.299679 0.917765 0.427607
v -0.233086 -0.221473 0.469744
vt 0.625000 0.500000
vt 0.875000 0.500000
vt 0.875000 0.750000
vt 0.625000 0.750000
vt 0.375000 0.750000
vt 0.625000 1.000000
vt 0.375000 1.000000
vt 0.375000 0.000000
vt 0.625000 0.000000
vt 0.625000 0.250000
vt 0.375000 0.250000
vt 0.125000 0.500000
vt 0.375000 0.500000
vt 0.125000 0.750000
vn -0.0583 0.9976 -0.0369
vn -0.4090 0.0098 0.9125
vn -0.9107 -0.0683 -0.4074
vn 0.0583 -0.9976 0.0369
vn 0.9107 0.0683 0.4074
vn 0.4090 -0.0098 -0.9125
usemtl Material.045
s off
f 289/505/217 293/506/217 295/507/217 291/508/217
f 292/509/218 291/508/218 295/510/218 296/511/218
f 296/512/219 295/513/219 293/514/219 294/515/219
f 294/516/220 290/517/220 292/509/220 296/518/220
f 290/517/221 289/505/221 291/508/221 292/509/221
f 294/515/222 293/514/222 289/505/222 290/517/222
o Cube.031_Cube.046
v -0.066366 0.914436 0.516973
v -0.155045 -0.044490 0.483776
v -0.074620 0.914604 0.534161
v -0.163299 -0.044321 0.500964
v -0.165130 0.925215 0.469442
v -0.253809 -0.033711 0.436245
v -0.173383 0.925383 0.486630
v -0.262062 -0.033542 0.453433
vt 0.625000 0.500000
vt 0.875000 0.500000
vt 0.875000 0.750000
vt 0.625000 0.750000
vt 0.375000 0.750000
vt 0.625000 1.000000
vt 0.375000 1.000000
vt 0.375000 0.000000
vt 0.625000 0.000000
vt 0.625000 0.250000
vt 0.375000 0.250000
vt 0.125000 0.500000
vt 0.375000 0.500000
vt 0.125000 0.750000
vn 0.0920 0.9952 0.0345
vn -0.4329 0.0088 0.9014
vn -0.8968 0.0979 -0.4316
vn -0.0920 -0.9952 -0.0345
vn 0.8968 -0.0979 0.4316
vn 0.4329 -0.0088 -0.9014
usemtl Material.046
s off
f 297/519/223 301/520/223 303/521/223 299/522/223
f 300/523/224 299/522/224 303/524/224 304/525/224
f 304/526/225 303/527/225 301/528/225 302/529/225
f 302/530/226 298/531/226 300/523/226 304/532/226
f 298/531/227 297/519/227 299/522/227 300/523/227
f 302/529/228 301/528/228 297/519/228 298/531/228
o Cube.032_Cube.050
v -0.131700 0.438251 0.485718
v -0.255437 0.440117 0.430138
v -0.141600 0.438368 0.507761
v -0.265337 0.440235 0.452181
v -0.122479 1.072332 0.486481
v -0.246216 1.074198 0.430901
v -0.132378 1.072450 0.508524
v -0.256115 1.074316 0.452944
vt 0.625000 0.500000
vt 0.875000 0.500000
vt 0.875000 0.750000
vt 0.625000 0.750000
vt 0.375000 0.750000
vt 0.625000 1.000000
vt 0.375000 1.000000
vt 0.375000 0.000000
vt 0.625000 0.000000
vt 0.625000 0.250000
vt 0.375000 0.250000
vt 0.125000 0.500000
vt 0.375000 0.500000
vt 0.125000 0.750000
vn 0.9121 -0.0138 0.4097
vn -0.4097 0.0049 0.9122
vn 0.0145 0.9999 0.0012
vn -0.9121 0.0138 -0.4097
vn -0.0145 -0.9999 -0.0012
vn 0.4097 -0.0049 -0.9122
usemtl Material.050
s off
f 305/533/229 309/534/229 311/535/229 307/536/229
f 308/537/230 307/536/230 311/538/230 312/539/230
f 312/540/231 311/541/231 309/542/231 310/543/231
f 310/544/232 306/545/232 308/537/232 312/546/232
f 306/545/233 305/533/233 307/536/233 308/537/233
f 310/543/234 309/542/234 305/533/234 306/545/234
o Cube.029_Cube.051
v 0.020171 0.876128 0.537914
v -0.020958 0.804518 0.519826
v 0.014793 0.875666 0.551972
v -0.026336 0.804056 0.533884
v -0.086236 0.946936 0.499535
v -0.127365 0.875326 0.481448
v -0.091614 0.946474 0.513593
v -0.132743 0.874864 0.495506
vt 0.625000 0.500000
vt 0.875000 0.500000
vt 0.875000 0.750000
vt 0.625000 0.750000
vt 0.375000 0.750000
vt 0.625000 1.000000
vt 0.375000 1.000000
vt 0.375000 0.000000
vt 0.625000 0.000000
vt 0.625000 0.250000
vt 0.375000 0.250000
vt 0.125000 0.500000
vt 0.375000 0.500000
vt 0.125000 0.750000
vn 0.4865 0.8471 0.2140
vn -0.3571 -0.0307 0.9336
vn -0.7973 0.5306 -0.2876
vn -0.4865 -0.8471 -0.2140
vn 0.7973 -0.5306 0.2876
vn 0.3571 0.0307 -0.9336
usemtl Material.051
s off
